0 0
1000 0.0021974
2000 0.0111826
3000 0.0202652
4000 0.0339276
5000 0.054386
6000 0.080098
7000 0.113674
8000 0.14179
9000 0.174301
10000 0.217525
11000 0.266998
12000 0.315116
13000 0.383086
14000 0.456663
15000 0.490509
16000 0.549647
17000 0.644549
18000 0.731561
19000 0.827866
20000 0.88695
21000 0.948577
22000 1.03504
23000 1.13887
24000 1.28153
25000 1.33835
26000 1.44764
27000 1.56004
28000 1.77332
29000 1.89645
30000 1.92271
31000 2.05587
32000 2.37342
33000 2.36053
34000 2.47325
