0 0
1000 0.0026802
2000 0.0093844
3000 0.0204588
4000 0.0348836
5000 0.0554146
6000 0.0761272
7000 0.112633
8000 0.141423
9000 0.172073
10000 0.216205
11000 0.265557
12000 0.309592
13000 0.369826
14000 0.439897
15000 0.47389
16000 0.566537
17000 0.707807
18000 0.722553
19000 0.82111
20000 0.899124
21000 0.943801
22000 1.03526
23000 1.1355
24000 1.29846
25000 1.35039
26000 1.44702
27000 1.57119
28000 1.6687
29000 1.86161
30000 1.91449
31000 2.05094
32000 2.39933
33000 2.33639
34000 2.48548
