0 0
1000 0.003666
2000 0.00628
3000 0.0249704
4000 0.0363746
5000 0.0503312
6000 0.0781838
7000 0.104587
8000 0.13177
9000 0.181882
10000 0.218884
11000 0.268885
12000 0.312549
13000 0.372739
14000 0.443725
15000 0.494141
16000 0.547784
17000 0.653559
18000 0.716041
19000 0.821697
20000 0.866058
21000 0.961078
22000 1.04535
23000 1.1266
24000 1.23668
25000 1.34006
26000 1.45858
27000 1.57187
28000 1.72371
29000 1.79796
30000 1.93723
31000 2.05891
32000 2.21661
33000 2.47152
34000 2.47219
